## RankNet
## Epochs = 100
## No. of features = 136
## No. of hidden layers = 1
## Layer 1: 10 neurons
1 2 3 4 5 6 7 8 9 10 11 12 13 14 15 16 17 18 19 20 21 22 23 24 25 26 27 28 29 30 31 32 33 34 35 36 37 38 39 40 41 42 43 44 45 46 47 48 49 50 51 52 53 54 55 56 57 58 59 60 61 62 63 64 65 66 67 68 69 70 71 72 73 74 75 76 77 78 79 80 81 82 83 84 85 86 87 88 89 90 91 92 93 94 95 96 97 98 99 100 101 102 103 104 105 106 107 108 109 110 111 112 113 114 115 116 117 118 119 120 121 122 123 124 125 126 127 128 129 130 131 132 133 134 135 136
1
10
0 0 0.11208034862468218 0.8495960056863728 0.11712518181945689 0.9418954972093659 -0.7033102108953506 1.640347821728459 -1.769084091164251 -0.5156989001768691 0.19278675233798132 -1.2565315752204682
0 1 0.14867141988385893 0.8260456679091054 -0.07319715028037953 0.8269121552530195 -1.0057368151181079 1.550921201435946 -1.8802430144831999 -0.5169609358741714 0.18920731042519237 -1.4237648871660555
0 2 0.08321561836329787 2.29435984567205 -0.09089157000884107 2.670986760520408 -2.4675112824207366 4.691513907054419 -5.511990918794605 -1.3497577709463902 0.5197940378177435 -4.169334899192593
0 3 0.19451136363662228 1.2706042231357864 -0.06245793600906674 1.5165267561351925 -1.4638017000778394 2.5933721847755393 -3.007721682727701 -0.6278005395058393 0.1706324837241363 -2.279983097200926
0 4 0.1309255043542839 0.8990219940754148 0.10591305201591407 0.9189382485590264 -0.9413088307276468 1.640460829824146 -1.931196385480441 -0.4373817281223335 0.15001338568439465 -1.362724965722555
0 5 -0.045523829778697976 0.3395151280380196 -0.017267127299221426 0.3077280889728564 -0.3065214868074034 0.6507094779752503 -0.7832425237700731 -0.22469508903134866 0.12132013273643594 -0.624994521938781
0 6 -0.03595771897726475 0.38234923005074306 -0.0855621421069252 0.46920885380529365 -0.5458540089770035 0.8219334275841873 -1.001754772612013 -0.3090358311562828 0.031509822605343275 -0.7544726387564267
0 7 -0.12040461686289142 1.0217636930774596 0.006672908798443637 1.211383107075644 -1.2650492726968108 2.114804158968868 -2.5426989458077394 -0.5228304258847922 0.20441238469208634 -1.7786276597234922
0 8 0.032154368548508845 0.5344063582029012 0.023905905950536963 0.6708333073763191 -0.7505152486899067 1.3684109682431758 -1.429428414994886 -0.31355717927185744 0.03506504293745935 -1.2031530122782828
0 9 -0.1035907532407351 0.2806448658020532 0.012846463897859194 0.47975238208001486 -0.5050973839867999 0.798358431420272 -0.9530090397020639 -0.288056809172602 -0.02178437086936371 -0.7157442772423377
0 10 10.552522958891027 -549.2970512092201 81.96711557367635 -733.0856084652411 652.1764940560992 -1188.514326338853 1300.7776797063561 302.41306787029305 -172.24452484498252 945.7499063196608
0 11 1.3061686779749466 1.677082908606754 0.088629840472531 2.201605017681171 -2.2099329862798216 3.782628109317789 -4.036145900963028 -0.7052736889454302 0.5904956508166539 -3.309784213239913
0 12 -1.168603610717526 -6.169081422109246 1.0628030613956072 -9.35129176652843 6.028572568921754 -16.07123609561358 15.026330529536907 2.3501563281695947 -2.0134291781301537 12.496725602079541
0 13 0.42348173969665753 0.47565448154622364 0.08236734554606824 0.7252260598222592 -0.33688844838353904 1.0264626367902956 -0.4638268424624342 0.27031386069244306 0.34807226347720116 -0.6440381462332156
0 14 11.253857102775301 -553.5113279589656 83.14937194509785 -739.4456995838879 655.7592310300873 -1199.8375198217666 1311.2310084888559 304.1727664653114 -173.28515045803806 954.2178981523937
0 15 0.2869781614077701 0.20333847304541378 0.4794434409299219 0.27677381747629176 0.4579352421928304 0.24741878664016625 0.08222161623783661 0.11640706354207059 0.4139636527669637 0.46018674442174207
0 16 0.6061962295351665 0.5003674681558038 0.7553549515537751 0.35205913401560807 1.006284092334017 0.44248041774426355 0.2004453158235322 0.22875118846975756 0.7446550647393624 0.7618121315219948
0 17 0.5405928311024838 0.5518523245878818 0.8318137917630641 0.32056704907784356 0.8570729826323563 0.4203656552679882 0.21712762165376434 0.1254035515025731 0.7223735749371668 0.8173218491374865
0 18 0.6231364765122018 0.47782862046249386 0.8128259190163866 0.4289617341302576 0.9466515469294349 0.3949910082458416 0.3421332718249861 0.22826706034181282 0.8377792359753731 0.9470797160173221
0 19 0.33630925977300546 0.3135699138296353 0.41541116236684816 0.1908996001535426 0.5389315977708566 0.3154429643239448 0.13013135602993572 0.10994595372947392 0.3674237416122726 0.4412764199311734
0 20 1.926208978614324 34.43131025071127 -2.189232958280673 34.22520736381919 -34.856947196596614 65.09179693226218 -79.59222125251688 -21.48064890495116 6.321042728393059 -58.48198108693973
0 21 0.00576631541094973 1.3285003546652698 -0.29090746308940935 1.691618590455971 -2.0206668673294503 3.14410643114402 -3.7170901309615076 -0.9799127090960589 0.0901124576583376 -2.900711625421769
0 22 -0.14031118453442518 2.82181925597778 0.0538773777240353 3.364038167630638 -3.263693422868933 5.790266083602034 -7.251299789351999 -1.8924530248035105 0.5604494217490854 -5.314925294459422
0 23 0.11340157428843253 1.2335433387476304 -0.023552926117085912 1.6265463861915834 -1.6685480966994821 2.9460135544096033 -3.2127947231510854 -0.7498353292012715 0.19991022901060462 -2.61321769338295
0 24 1.9989639987905856 40.144951007121584 -2.3799993170696117 40.75292934159354 -41.61959304420204 76.96550040991582 -93.68233133895941 -25.016923962435794 7.1829815653437805 -69.27147429103515
0 25 -0.9264457967439507 16.031121967252265 -1.0352618101152113 18.627569173373395 -21.12268924576084 34.43133217669185 -42.50531830686409 -11.23067998773398 1.4779929087161148 -33.030636857029556
0 26 -0.11903114196762832 0.7138895295360981 -0.05312050225842318 0.76973362626515 -0.9022611292563091 1.268070976350965 -1.633789101748036 -0.38296512005856537 -0.03755193552736533 -1.5270667615173927
0 27 -0.03966543879155832 1.3613199682922148 -0.10227090488046578 1.6294621981764372 -1.649032033692548 2.8965924968681063 -3.3653896088987794 -0.8233709507328959 0.20517071810097953 -2.7245839400913137
0 28 0.047251225344246285 0.4623670799998819 0.0500471665759885 0.5990068147585096 -0.6616840224521088 1.06048848531126 -1.3748011247571807 -0.376710130252683 0.10987117414629842 -1.0020975906644913
0 29 -1.2018620570424339 18.83885922940869 -1.2739885703184115 21.791110547103028 -24.74863219217535 40.1605904140546 -49.51055865302645 -13.079047775958447 1.6141889943545846 -38.56110872367722
0 30 1.726373595585073 18.803034572732727 -1.474262009096616 17.514439546535105 -18.322281952125472 33.94324709073151 -42.33650944732442 -11.712989956524433 2.7671132392326694 -30.62962821717881
0 31 -0.01707378224183814 0.883784233498401 -0.18507749660528958 1.0101814503119317 -1.1888852565094192 1.7357806191083096 -2.1904070178997643 -0.5056905466601587 -0.029712679946546795 -1.6576860498123709
0 32 -0.19586275799564026 1.291351514025355 0.018866487981753985 1.3741237948217169 -1.4138891545415235 2.461144769634067 -3.257708834621771 -0.982022407803231 0.32427846503501 -2.360950080324778
0 33 0.16312171096893638 0.7587536791035568 -0.05182689071918567 1.0312073781797253 -0.9364592446770169 1.6425977648103958 -1.9023536312516907 -0.43616938925284005 0.22186273619943578 -1.4116082519807607
0 34 1.8083563357076349 21.408555696768346 -1.6948604400661433 20.460684401507415 -21.68022985043608 39.40056120388688 -49.05391436335353 -13.588771006971212 3.1850985360822066 -35.94086231442789
0 35 0.25407195092143176 18.196167615203375 -1.399540110129742 18.993185625312602 -20.65823090941713 35.752564637689254 -43.98004644429083 -11.826717748064082 2.3063138234037823 -33.14418409887791
0 36 -0.008894888711790418 0.8204899621216881 -0.2245742509979454 0.8949056448228303 -1.1395015190889537 1.5925370758393824 -1.8861434180133225 -0.5030745339254323 0.012680252607430461 -1.6617503107300144
0 37 -0.17500349988963335 1.3235275610921757 -0.013631206415739587 1.6364898991972137 -1.6790343948301918 2.9044943666641903 -3.4179852458786826 -0.8302400370798779 0.26905547050847584 -2.6829586416946185
0 38 0.05979190146211259 0.633326953313023 0.03544335982906739 0.72948255920873 -0.7585736210207076 1.3264042093492727 -1.549416492405846 -0.3951236199136896 0.013068532722371103 -1.2069941590676996
0 39 0.18844392952663916 21.047749541393834 -1.4931080905186709 22.199652921084834 -24.201982598792828 41.7066178032445 -50.95530378035152 -13.618954496575837 2.66127517001705 -38.6052202996815
0 40 16.13719086738734 -110.080980094446 28.436588450744956 -340.15309709635005 196.00013307646333 -464.3816785033547 346.2075868888812 -5.343269915381247 -95.52963795999209 320.37162221345613
0 41 0.30236331224216906 0.002191425067368081 0.20716787477074386 -0.05868521184390963 0.16406025253480522 0.06643101699780334 -0.24169998603418322 0.016167571146076743 0.08187408162309126 -0.00210215522795427
0 42 -0.9985670682686432 -17.493860014629625 16.329290059622917 -14.345377931870914 8.542699291527695 -33.79581977984159 10.053128686016057 -3.994988532873055 4.393576586878052 16.652764135970045
0 43 0.0096042695975147 0.08470001088797022 0.02499053289805013 0.0484999401028661 -0.12645561390039595 0.25241420534882464 -0.1619817436047235 -0.003592602348606783 -0.0038304736233713754 -0.11722588088972175
0 44 14.670869025079433 -168.1422610415099 79.18054427754586 -397.0309969038779 230.66987565839202 -584.3104351325701 391.43581781476985 -18.318307989113446 -85.86694548326037 385.72777023380223
0 45 -0.0444145221154605 0.1719002816181712 4.898203347190217E-4 0.1807275183446828 -0.08404534376851139 0.0864007547168549 -0.15943735847121743 -0.08520244515733703 -0.08460351116547661 -0.20612557262607292
0 46 0.10868097841223484 0.20679393357741702 -0.020586763476553412 0.2360279508573633 -0.34401435933209606 0.5839463101982696 -0.545268492601434 -0.23854813922791127 0.009123206363534827 -0.5622538268962707
0 47 0.031513807926938406 0.49960783868873204 0.019145329697129235 0.6465650404405582 -0.6268808778890397 0.9514810635556574 -1.2226813813774646 -0.18716986917140402 0.0724280273923222 -0.8292807758697271
0 48 0.09615799287838696 0.1478044928505732 0.04634981511920979 0.1843410681107543 -0.24249791747809815 0.3687464202042085 -0.39181671395500717 -0.18568879174076683 0.05352368907274132 -0.3876270018290004
0 49 -0.04055865803574137 0.08984388251239797 0.05352191381820437 0.11361312604605381 -0.15220855159393257 0.19450534983336126 -0.25581284862423986 -0.12248880928440857 -0.014200176219826928 -0.09319134129775365
0 50 0.06644365579942665 0.10004669811917191 0.03005031949765145 0.006700418198299674 -0.09540168954556204 0.110227344760289 -0.03802926050776176 -0.06346873117433012 0.057919383405930946 0.026195283331624748
0 51 -0.028092615592258948 0.02635926782958202 -0.03918960582314909 0.17921244130072125 -0.21006710612133528 0.3003800318794685 -0.23986232918162004 -0.1304331076219122 -0.02553304626888419 -0.2767718568536481
0 52 0.06344617063390154 0.24821312883113059 -0.05745154054407028 0.3388250488876088 -0.2511457507861364 0.4162027467519128 -0.593069638822176 -0.13058477233963425 0.008896142885550764 -0.5092995568560679
0 53 0.018007844567948225 0.0010548940668161104 -0.06006435681343941 0.06992362665980374 -0.05698655311882842 0.2344374967619183 -0.24637627593121317 -0.07130348982730075 0.09882215045074794 -0.15115205046009147
0 54 0.02731155436165863 0.059520490070265365 0.031760185582511646 0.11302487810860777 -0.10708608580361792 0.10191992401049692 -0.19043122900621476 -0.07587324845638574 -0.06442085358367697 -0.11819545358751954
0 55 -0.011357087885439305 0.04122493113819885 -0.014847578387875204 0.11085288491911913 0.010470397402330626 -0.004639423983432242 -0.17692499135085346 -0.08897432203904071 0.10203908443358888 -0.07047982576688368
0 56 0.0767391863027488 0.08959483610897415 -0.1136356079414342 0.17223019877087165 -0.12254849618712131 0.356137451247949 -0.44939037144188515 -0.09793526132811017 0.06206683467098862 -0.40550494088256994
0 57 0.019223582237354344 0.3089403794726386 -0.09132071494872748 0.2601026952649113 -0.2993037897854007 0.47828614928818675 -0.6218450473527762 -0.0760883354596694 0.02595783057675042 -0.43177342613944436
0 58 0.010121764013928634 0.2000861103025621 0.025773403954291806 0.056947619153923545 -0.14288076455102816 0.22849113600892837 -0.16189921483842498 -0.1491997039303959 0.044608392762250156 -0.19479570873068824
0 59 -0.079253600540206 0.014766604795688103 -0.037492300489273926 -0.012086894925801448 -0.056464454302713574 0.21450867342289193 -0.04144770444903649 -0.1291886603955212 0.08259096820353823 -0.05311724027830174
0 60 0.007035751969116373 0.0763143777397024 0.01632306565682543 0.021200215956130943 -0.12726667006613268 0.019187357192809302 -0.07582487515620143 0.037040461837524734 0.05199259420087463 -0.06664285585855208
0 61 0.006215475884288119 0.07072654382888938 0.025433171459848018 0.22022056391191078 -0.13731126043609146 0.28711475672293957 -0.2683781339903395 -0.12016888978418565 0.08952594932724367 -0.19389842996607018
0 62 -0.02246460017900287 0.25320166056042676 0.008759489058398394 0.24437637869449694 -0.24913698857888708 0.4186485319575349 -0.6606839571468395 -0.04819961086686399 -0.031427652795088364 -0.47226046528456705
0 63 0.026665697855782558 0.06326188956017303 0.004180015246613858 0.02570533331567924 -0.024285537304104 0.12896896483521178 -0.21495370999255523 -0.11202483519871795 -0.03121276151129711 -0.18193280011741833
0 64 0.0014471302340164668 -0.019766736479781163 -0.025750398774426288 0.015317391618064209 -0.09788831560420531 0.1987926041101686 -0.05133355428210502 0.04980366243429643 0.07322194307265333 -0.15012136372079024
0 65 -0.002045657401752591 0.00769585152327149 0.031387772853541676 0.08763482792182027 0.06326497813457008 0.03842498079791444 0.08856237192782787 -0.08210034027002751 -0.08886800895631575 0.01792493818046098
0 66 0.06333288735516658 -0.05591190682717413 0.015970504907758424 0.10510094548916708 -0.043726270274571745 0.11250490015001788 -0.027098931145261105 -0.07509830474862794 -0.03701902444716846 -0.06305874451896233
0 67 -0.0201757972841538 -0.08446655242480397 0.03230666359062948 -0.02246107903950445 0.059204530694906395 0.07340768391092309 0.041749460845433566 0.08026433327645979 0.047863167099142775 0.07573357961332043
0 68 0.051058082044615746 0.07931731893543324 -0.03532063927598076 0.04232731587819386 -0.01210960121121272 0.04889910283579803 -0.09254824918607885 -0.0510329845582974 0.0070819829519166 0.01387960873320343
0 69 0.03472443965948273 -0.08070565077207739 0.0553283036052379 0.022895342210559617 0.005863597056363056 -0.05573923918165829 0.05453667389907079 -0.010485060611049686 -0.07693504693085619 -0.05907257058910513
0 70 8.762851773917374 130.5011571604167 -2.0470327094482137 135.57523004766722 -130.6490320435139 249.42073334146195 -311.85731961515535 -84.07686025836833 27.498267967082732 -223.82546889730887
0 71 0.5916616037727608 11.810902323996524 -1.833076367807868 13.626463006740218 -16.489416524530565 25.688999275333494 -30.361560710660118 -7.622961624723735 0.6847789028054692 -24.44067871740704
0 72 -0.5733850354070635 20.20199976169753 0.5601410095397727 23.437742102199056 -23.381133974616528 41.934073947485125 -52.35203936394963 -13.938613250868373 4.650641672690144 -38.10360403728728
0 73 1.1349950853887063 10.89679074703735 -0.634201037993985 13.709030416819875 -13.285158634966026 23.95267998608327 -27.697437574270936 -6.30984065690886 2.1315633164453125 -21.5745176778485
0 74 9.145063118705776 150.83374453669114 -2.4694076051242266 159.49752955420593 -155.54279786244823 292.6230538810905 -364.6521530588728 -97.8102797806773 31.10672553461805 -263.5547906278612
0 75 0.3709461949000025 55.87314292005318 -3.111072634571425 69.66424505855684 -78.26283253258912 124.05808932271854 -154.4036421650541 -39.09154598102176 6.433371279485681 -119.63348461158881
0 76 -0.6104350628685359 5.2456237170713145 -1.1898292667987753 5.742225548230982 -8.192500865899719 11.388074738123636 -14.079403586791946 -3.585564951075324 -0.38540994085401376 -11.941141491654966
0 77 -0.7320609034709408 9.190437525175824 -0.5217719407993552 10.494518933401206 -11.089825420098622 19.51381048922452 -23.08733071538802 -5.8271948151091655 1.2704898006233902 -17.8010001284403
0 78 -0.04228854489438277 4.330472786164655 -0.30549117060032877 5.367912598522012 -5.835979650927466 9.355757111589304 -11.146009682779912 -2.759357368978346 0.3043117930706817 -9.038909188059312
0 79 -0.18362686416695226 65.54211435362072 -4.033730978190879 80.61190675418503 -90.64241161289925 144.22093609638915 -178.21174484458507 -45.00345941758233 7.300286591417531 -138.76728527904714
0 80 7.904855493815426 87.30219226096771 -2.9878652488203845 87.35902266655133 -83.47220698771716 159.98123193173757 -202.71049172418296 -55.61894385240482 17.90416366844798 -142.69685746605688
0 81 0.6285218406830326 7.706412977377115 -1.1919156128194601 8.678957001448357 -10.428392615443867 16.603470460874497 -19.461003514303723 -4.894846855494184 0.2981710444626606 -15.723755311021323
0 82 -0.8436538094100359 10.338080530444206 0.922938370085154 11.24443278175451 -12.14854329730702 20.496938497517203 -27.225350812795835 -8.095363001722552 2.1049418313895094 -19.308617638409924
0 83 0.5452787339968704 7.331891191252314 -0.31606080317872975 8.844057115477408 -8.763537918144326 15.75749167560304 -18.264401657740972 -4.3145025974009625 1.2081240768199317 -14.079928110899111
0 84 7.671635987294738 99.9302800006163 -3.0526435199841195 101.54268173411268 -98.96983462269922 185.91099587287877 -235.20595815142977 -64.57389094795471 19.64543769266539 -167.08676192349796
0 85 3.1822872583292465 72.42704930268096 -2.9785590253724226 80.24333258283187 -83.7231599842391 145.6252746411599 -181.98208506690523 -48.082857032703366 11.793124463797195 -134.32220414333142
0 86 -0.018488635076241804 6.479833149203777 -1.1479117753766401 7.307981716929284 -9.525034030357796 14.000806134980653 -16.76136377434271 -4.392947832173595 0.04602134854465153 -13.861400724683316
0 87 -0.669123712523665 10.287147420947639 -0.04464259712944597 11.536185229860042 -12.045403131106335 21.12836745638664 -25.891211455472313 -6.964862571803514 1.7770627600254219 -19.149264590425748
0 88 0.22061605238956658 5.718739532466172 -0.3243765119486145 6.945697370748222 -7.407855115354539 12.586159525453228 -14.767227009079196 -3.50327798480131 0.8577070052596972 -11.601163204627316
0 89 2.8445423630092472 83.83921184500726 -3.38959538668024 93.03722913459941 -97.92232761095114 169.11857023184442 -210.42034405124113 -55.59152269645275 13.33029618838982 -156.39475851521854
0 90 98.70417688710889 -1347.464476814746 1324.9436917153707 -5428.4619518762765 3266.9113191239317 -7915.570254973217 4023.8965339433266 -1101.7220632433812 -1012.0570091980934 5431.379186662887
0 91 11.838281895354186 6.636961395010005 13.467252196150026 3.646214573542788 -1.0881036465351601 21.398780672825094 -26.712479743035633 -10.258222954848312 4.81087329266536 -8.288843362070255
0 92 -76.95492395702259 -973.668220878779 1059.4641205037253 -729.9298327450311 517.0904524368158 -1794.2252765414476 392.4484156746517 -291.5700659534163 305.35284981021834 779.7173147494323
0 93 1.1560773532146371 5.769368947409921 0.24056186938712307 7.242912417474187 -6.252221834363498 12.850378180261043 -14.833873284019223 -3.6280806215849575 1.6990807351888493 -10.633527050339985
0 94 5.423684212075024 -2195.547043764056 2593.9949086374804 -6048.711230631642 3790.439565111751 -9467.927820566456 3950.6733384171202 -1607.5983916026944 -629.3203291357006 5948.373345914902
0 95 -0.013960347895829417 0.5005199849063956 -0.10751922994779667 0.5922326140071473 -0.5349249346268795 0.9973220591311646 -1.1037279341213262 -0.32635407571824077 -0.03035234185339481 -0.8346994166357844
0 96 -0.07573527985990272 0.2786960537754306 -0.13507659461386146 0.45215349559920887 -0.34479942578491124 0.6613893692734278 -0.8137109776067262 -0.25225116370642375 0.028366044303484245 -0.5783806161215043
0 97 -0.07118574494656049 0.9495799285588173 -0.003459614639319494 1.1444684115512747 -1.3531910592900886 2.2825312739361046 -2.544135664696522 -0.5837331667108708 0.11129399493434532 -1.9366360209669715
0 98 0.08389309253930775 0.3814240510207429 -0.1453333318250812 0.5600681785715773 -0.6404322346505097 1.1176868934006046 -1.3285951133125207 -0.1993176387735752 0.05940329185382123 -1.070693927020352
0 99 -0.11817205021331587 0.4059615844147525 0.030106816478795564 0.5420368177962416 -0.48697271786502366 0.9747305729926055 -1.1974170394508776 -0.3584775933177601 0.039705101671020766 -0.7903338505353202
0 100 0.022091619993362142 0.42081645627814995 0.08165703171993326 0.3235906844574259 -0.32544228272120573 0.6069468449768546 -0.9171992096294482 -0.2669727786893982 -0.004390909684338415 -0.5944566142446985
0 101 -0.025184178172645063 0.29879846119386044 -0.10331769889905879 0.3836072171088868 -0.4202860955058734 0.7251740025085079 -0.9503561697449829 -0.30865277426720966 0.011471850159845745 -0.807736648177155
0 102 -0.06673386998239418 0.8873266800246835 -0.07457561466953205 1.0146004361579972 -1.0713344600167873 2.0068695190280406 -2.3653407700271885 -0.5922462844225559 0.170121787715041 -1.6088626664858823
0 103 0.04665409081189544 0.7145149684348372 -0.08184511705691598 0.8143988118823304 -0.8311966422241182 1.3559342250812234 -1.5284759636320888 -0.34161072916105917 0.13332193111895138 -1.1546478665928737
0 104 -0.12055629037926788 0.45935656165474165 -0.106715641807118 0.4151751283909567 -0.5761731371839295 0.7968870246482572 -1.058705229809374 -0.25127767397151596 0.14579381945551118 -0.7367461246755691
0 105 0.7530326293639974 16.8098438991365 -0.28843456933369005 20.180754059749567 -18.252785897161896 34.774655051081666 -40.575629981079196 -9.875948130117603 3.929910395436388 -29.27469030586048
0 106 0.5964778061711183 6.666768995999007 -0.6038665988200878 8.179489634367215 -8.39111554855936 14.86343566388875 -17.042404729975534 -4.107346434966206 1.1149275053222696 -13.401377364833932
0 107 0.5882913259468556 20.374772864055114 -1.0139032757275863 25.344007693044656 -23.437960550488796 43.77520150875782 -51.0540597353391 -12.141189444559107 5.082633628594006 -37.701455700587125
0 108 0.8185171475646973 10.723676606414704 -0.9457215274290754 13.498176819651636 -13.137021014408335 23.464632287279894 -27.15286050703005 -6.286855860770418 1.99398746762153 -21.001814318387407
0 109 0.4266949618057753 18.312785498739068 -0.4339946528685097 21.80122341923891 -20.19961734718315 38.16186076310077 -44.4823801121602 -10.839573117811437 4.199159998692398 -32.19514355370254
0 110 -0.2931290574775125 8.685006041691098 -1.2750228531240795 10.861967206182037 -11.040619801763405 18.76982376835161 -22.44505656162527 -5.357027493988157 1.4432807043299278 -17.298555762345718
0 111 -0.46584338970416644 2.682381462274768 -1.2561215883823964 3.526256240160155 -5.2047409015335555 6.617742633683453 -8.3501651356305 -2.209838885829085 -0.5340709553016215 -7.335456398579758
0 112 -0.2645974044353453 10.093918867112585 -1.2399998603062166 13.399785696556684 -13.554234531218253 23.03009067132164 -27.708961015083045 -6.548616474388962 1.9319032965166754 -21.562925943963428
0 113 -0.32059946395696587 3.9306764500990994 -1.1886057452091847 5.64165949423762 -6.925464745842809 9.887537220821075 -12.231386183539021 -2.931440922209572 -0.18845757260324192 -10.294691244700742
0 114 -0.5538808373293568 9.48428239446799 -1.2840626538206998 11.898428449896757 -12.231490200167498 20.809672320023058 -24.63778299185071 -5.989943867581098 1.4914392169845536 -19.06117858385359
0 115 -0.42862386346310444 5.324676763813595 -1.0717405178750914 6.696485277610852 -7.410675852068169 11.997746000709576 -14.341670434811396 -3.6237232533330674 0.5205209610993999 -11.265609488397237
0 116 -0.7277970357939281 0.37568615937657046 -0.9344513757803873 0.8517604808293702 -2.317216359055574 1.8916396908279303 -2.808782029531303 -0.9184419930615493 -0.7179333671849003 -2.9756282350986925
0 117 -0.5144183278342538 2.6520676397697813 -0.8241632484414598 3.603010714191769 -4.771796647080913 6.565312859790742 -8.46252584988506 -2.135539423114049 -0.11474979968240236 -7.153380994847933
0 118 -0.6857681180646286 1.2541358505629616 -1.039777622471729 1.9866125189606951 -3.5657902805855324 3.8622673687352194 -5.3391162085942785 -1.4433109905239387 -0.5795786229750232 -4.870063303012083
0 119 -0.46588172562255764 5.76820518712141 -1.0111279357035525 7.350518705163083 -8.039829260304163 12.91448431452503 -15.696064165974716 -3.9351579520815965 0.6876510316594017 -12.251272962386045
0 120 -0.3980793467289345 8.06840869775872 -1.2095346878562638 10.408450193756885 -10.677723397663543 18.020091297399734 -21.478932278014696 -5.064340386545662 1.3286462325174517 -16.51805086356809
0 121 -0.5115805960003122 3.1334450673031298 -1.308028080076372 4.216905760380542 -6.316989028975166 7.944895495194497 -10.040090043385513 -2.507187624769371 -0.4195186295827617 -8.840283466387854
0 122 -0.36111055359822664 13.447091365475957 -1.4960132488443827 17.802598198725825 -17.77075760580609 30.389484013755105 -36.51422909543083 -8.701601462586504 2.798854056524708 -28.314311071138622
0 123 -0.30021476057828816 5.362167251381108 -1.5139638878842412 7.449179011332122 -8.762129864361222 13.030438651552936 -16.018669618107687 -3.7234856265533556 0.007598972048767527 -13.424506687093896
0 124 -0.5595516186594045 9.06751121358731 -1.34278463805393 11.39060049775459 -11.701829052432007 19.78744322343271 -23.632321963666392 -5.624186221345871 1.4480848753695932 -18.255210580900087
0 125 -0.018565146635981595 0.020566389625582472 0.054677141556283594 0.038885875993419805 -0.08363758468399908 -0.08079462543854381 0.25621817077637726 0.06152104507263643 -0.06561837910611128 0.003366182011182865
0 126 1.897491322450288 4.051125970047733 0.27446334390339816 5.241590798131441 -2.9560906926913795 7.431691842690502 -4.165859742853115 0.5793992118015074 2.410860791565535 -4.967510930951914
0 127 81675.67998660634 147410.18103901576 -219802.97383624676 -26645.903980350933 -240316.3927212349 41827.04632663461 -31696.363976065782 -75155.7851371877 -163990.04065554505 -29308.406556991144
0 128 0.02440808868547651 11.019989120855492 0.06535224645964541 12.272942533101055 -12.660665894264959 23.485681020546398 -28.17027866235048 -7.177642597773188 1.402911598456578 -21.75909907971568
0 129 -701.9413021690109 6854.759582930246 -306.20617705209503 10085.020301785436 -14055.498610642273 19020.545481616442 -28247.743604666994 -8808.354199935844 -1697.8604960978755 -24004.730791995138
0 130 -357.89469245183545 10311.313481560657 -181.88927522288375 13566.431283425634 -16949.627253726172 25781.724326916374 -30740.064343820253 -7960.963114034066 -1025.318579130567 -26471.201690449456
0 131 -2.1147832539566753 -8.252183734846298 -1.053035810174293 -13.157899111233656 11.541825748897681 -23.459724824650564 24.903544676427142 4.924907751093122 -2.0346771275183286 22.21462979569116
0 132 7.587185094031877 -30.174755222634417 -1.6491212839036824 -33.58739623246411 36.60024726555361 -68.61292890251104 82.16852036178462 24.17400232373737 -0.8410432672040532 62.67881144599573
0 133 3005.6551260819465 3267.066847788027 -3497.7527128266775 8854.26921845354 -7131.783898428568 13316.386856492092 -12309.84577736553 -1749.0438710058768 601.630304160578 -12859.188238456154
0 134 -346.9096319287761 -2418.513608318342 1174.4342553770657 -5316.2667186797935 2535.840834589108 -6797.889961991514 4076.3933573694526 -993.5190469827263 89.08320459057592 4095.0783346699204
0 135 145845.54094941373 36342.29452217571 -10757.618195887691 197696.17519879917 -54947.34326413728 227938.00909965285 -204985.41614794542 51323.438225175814 103174.8888135388 -178973.49920548746
0 136 0.10139712589429832 -0.08056181001007448 0.023365078262914223 -0.0126738205375581 0.05563703613084122 0.01568384585390338 -0.07316072133646151 -0.0762538718878246 0.0506761269260998 0.07518666197915343 -0.03215617871085712
1 0 0.14821791409327514
1 1 0.05778551763037936
1 2 0.047585979383362405
1 3 0.006141078494336178
1 4 0.518089824394257
1 5 0.1819622559797123
1 6 -0.2177720042422837
1 7 -0.13416337540747295
1 8 -0.027185493070519824
1 9 -0.14766114242166484
